INCLUDE C:\Users\frama\Desktop\Nuova cartella\original\A321_tube.dat
$-------2-------3-------4-------5-------6-------7-------8-------9-------10
$ Lumped masses: BAGGAGE 1814 Kg
$ Fuselage beams: from 11 to 35
$ Fraction of baggage length: from 0 to 100 %
$ XML variabile: aircraft.Baggage.Baggage_combined_length = 22 m.
$-------2-------3-------4-------5-------6-------7-------8-------9-------10
CONM2   4       1010    0       35.7729 0       0       0       
        0.      0.      0.      0.      0.      0.      
CONM2   5       1011    0       72.2164 0       0       0       
        0.      0.      0.      0.      0.      0.      
CONM2   6       1012    0       72.3798 0       0       0       
        0.      0.      0.      0.      0.      0.      
CONM2   7       1013    0       72.5433 0       0       0       
        0.      0.      0.      0.      0.      0.      
CONM2   8       1014    0       72.7067 0       0       0       
        0.      0.      0.      0.      0.      0.      
CONM2   9       1015    0       72.8702 0       0       0       
        0.      0.      0.      0.      0.      0.      
CONM2   10      1016    0       73.0336 0       0       0       
        0.      0.      0.      0.      0.      0.      
CONM2   11      1017    0       73.1971 0       0       0       
        0.      0.      0.      0.      0.      0.      
CONM2   12      1018    0       73.3605 0       0       0       
        0.      0.      0.      0.      0.      0.      
CONM2   13      1019    0       73.524  0       0       0       
        0.      0.      0.      0.      0.      0.      
CONM2   14      1020    0       73.6874 0       0       0       
        0.      0.      0.      0.      0.      0.      
CONM2   15      1021    0       56.4637 0       0       0       
        0.      0.      0.      0.      0.      0.      
CONM2   16      1022    0       73.936  0       0       0       
        0.      0.      0.      0.      0.      0.      
CONM2   17      1023    0       91.5649 0       0       0       
        0.      0.      0.      0.      0.      0.      
CONM2   18      1024    0       74.3412 0       0       0       
        0.      0.      0.      0.      0.      0.      
CONM2   19      1025    0       74.5047 0       0       0       
        0.      0.      0.      0.      0.      0.      
CONM2   20      1026    0       74.6681 0       0       0       
        0.      0.      0.      0.      0.      0.      
CONM2   21      1027    0       74.8316 0       0       0       
        0.      0.      0.      0.      0.      0.      
CONM2   22      1028    0       74.995  0       0       0       
        0.      0.      0.      0.      0.      0.      
CONM2   23      1029    0       75.1585 0       0       0       
        0.      0.      0.      0.      0.      0.      
CONM2   24      1030    0       75.3219 0       0       0       
        0.      0.      0.      0.      0.      0.      
CONM2   25      1031    0       75.4854 0       0       0       
        0.      0.      0.      0.      0.      0.      
CONM2   26      1032    0       75.6488 0       0       0       
        0.      0.      0.      0.      0.      0.      
CONM2   27      1033    0       75.8123 0       0       0       
        0.      0.      0.      0.      0.      0.      
CONM2   28      1034    0       75.9757 0       0       0       
        0.      0.      0.      0.      0.      0.      

$-------2-------3-------4-------5-------6-------7-------8-------9-------10
$ Lumped masses: PASSENGERS 18143.8 Kg
$ Fuselage beams: from 7 to 38
$ Fraction of cabin length : from 0 to 100 %
$ Cabin length = 29.192 m.
$-------2-------3-------4-------5-------6-------7-------8-------9-------10
CONM2   29      1006    0       392.623 0       0       0       
        0.      0.      0.      0.      0.      0.      
CONM2   30      1007    0       669.267 0       0       0       
        0.      0.      0.      0.      0.      0.      
CONM2   31      1008    0       553.289 0       0       0       
        0.      0.      0.      0.      0.      0.      
CONM2   32      1009    0       553.289 0       0       0       
        0.      0.      0.      0.      0.      0.      
CONM2   33      1010    0       553.289 0       0       0       
        0.      0.      0.      0.      0.      0.      
CONM2   34      1011    0       553.289 0       0       0       
        0.      0.      0.      0.      0.      0.      
CONM2   35      1012    0       553.289 0       0       0       
        0.      0.      0.      0.      0.      0.      
CONM2   36      1013    0       553.289 0       0       0       
        0.      0.      0.      0.      0.      0.      
CONM2   37      1014    0       553.289 0       0       0       
        0.      0.      0.      0.      0.      0.      
CONM2   38      1015    0       553.289 0       0       0       
        0.      0.      0.      0.      0.      0.      
CONM2   39      1016    0       553.289 0       0       0       
        0.      0.      0.      0.      0.      0.      
CONM2   40      1017    0       553.289 0       0       0       
        0.      0.      0.      0.      0.      0.      
CONM2   41      1018    0       553.289 0       0       0       
        0.      0.      0.      0.      0.      0.      
CONM2   42      1019    0       553.289 0       0       0       
        0.      0.      0.      0.      0.      0.      
CONM2   43      1020    0       553.289 0       0       0       
        0.      0.      0.      0.      0.      0.      
CONM2   44      1021    0       420.707 0       0       0       
        0.      0.      0.      0.      0.      0.      
CONM2   45      1022    0       553.289 0       0       0       
        0.      0.      0.      0.      0.      0.      
CONM2   46      1023    0       685.871 0       0       0       
        0.      0.      0.      0.      0.      0.      
CONM2   47      1024    0       553.289 0       0       0       
        0.      0.      0.      0.      0.      0.      
CONM2   48      1025    0       553.289 0       0       0       
        0.      0.      0.      0.      0.      0.      
CONM2   49      1026    0       553.289 0       0       0       
        0.      0.      0.      0.      0.      0.      
CONM2   50      1027    0       553.289 0       0       0       
        0.      0.      0.      0.      0.      0.      
CONM2   51      1028    0       553.289 0       0       0       
        0.      0.      0.      0.      0.      0.      
CONM2   52      1029    0       553.289 0       0       0       
        0.      0.      0.      0.      0.      0.      
CONM2   53      1030    0       553.289 0       0       0       
        0.      0.      0.      0.      0.      0.      
CONM2   54      1031    0       553.289 0       0       0       
        0.      0.      0.      0.      0.      0.      
CONM2   55      1032    0       553.289 0       0       0       
        0.      0.      0.      0.      0.      0.      
CONM2   56      1033    0       553.289 0       0       0       
        0.      0.      0.      0.      0.      0.      
CONM2   57      1034    0       553.289 0       0       0       
        0.      0.      0.      0.      0.      0.      
CONM2   58      1035    0       553.289 0       0       0       
        0.      0.      0.      0.      0.      0.      
CONM2   59      1036    0       553.289 0       0       0       
        0.      0.      0.      0.      0.      0.      
CONM2   60      1037    0       656.588 0       0       0       
        0.      0.      0.      0.      0.      0.      
CONM2   61      1038    0       379.943 0       0       0       
        0.      0.      0.      0.      0.      0.      

$-------2-------3-------4-------5-------6-------7-------8-------9-------10
$ Lumped masses: WING TANK FUEL 12400 Kg
$ Wing beams: from 3 to 73
$ Span fraction: from 11.8638 to 80 %
$-------2-------3-------4-------5-------6-------7-------8-------9-------10
CONM2   62      2002    0       99.3996 0       0       0       
        3.59975 11.4227 39.129  1.24035 4.22236 0.702765
CONM2   63      2003    0       196.34  0       0       0       
        7.03172 22.2947 76.3777 2.42091 8.2412  1.37739 
CONM2   64      2004    0       191.453 0       0       0       
        6.70215 21.2137 72.6857 2.30352 7.8416  1.32199 
CONM2   65      2005    0       186.628 0       0       0       
        6.38441 20.1724 69.1291 2.19045 7.45669 1.26833 
CONM2   66      2006    0       181.864 0       0       0       
        6.07821 19.1699 65.7047 2.08159 7.08612 1.21639 
CONM2   67      2007    0       177.162 0       0       0       
        5.78327 18.2052 62.4091 1.97684 6.72951 1.16611 
CONM2   68      2008    0       172.521 0       0       0       
        5.4993  17.2773 59.2391 1.87608 6.38653 1.11746 
CONM2   69      2009    0       167.942 0       0       0       
        5.22602 16.3853 56.1914 1.77923 6.05681 1.07041 
CONM2   70      2010    0       163.425 0       0       0       
        4.96316 15.5283 53.2628 1.68617 5.74002 1.0249  
CONM2   71      2011    0       158.969 0       0       0       
        4.71045 14.7053 50.4503 1.5968  5.4358  0.98092 
CONM2   72      2012    0       154.575 0       0       0       
        4.46763 13.9155 47.7506 1.51103 5.14383 0.938417
CONM2   73      2013    0       150.242 0       0       0       
        4.23441 13.1578 45.1608 1.42876 4.86376 0.897358
CONM2   74      2014    0       145.971 0       0       0       
        4.01055 12.4315 42.6778 1.34989 4.59528 0.857709
CONM2   75      2015    0       141.762 0       0       0       
        3.79579 11.7356 40.2986 1.27433 4.33805 0.819433
CONM2   76      2016    0       137.614 0       0       0       
        3.58988 11.0694 38.0203 1.20198 4.09177 0.782496
CONM2   77      2017    0       133.528 0       0       0       
        3.39256 10.4318 35.84   1.13276 3.85611 0.746864
CONM2   78      2018    0       129.503 0       0       0       
        3.20359 9.8222  33.7548 1.06656 3.63076 0.712504
CONM2   79      2019    0       125.54  0       0       0       
        3.02272 9.23966 31.762  1.0033  3.41542 0.679382
CONM2   80      2020    0       121.638 0       0       0       
        2.84973 8.68339 29.8587 0.9428993.2098  0.647466
CONM2   81      2021    0       117.798 0       0       0       
        2.68436 8.15258 28.0424 0.8852613.01359 0.616724
CONM2   82      2022    0       114.02  0       0       0       
        2.5264  7.64646 26.3101 0.8303032.8265  0.587123
CONM2   83      2023    0       110.303 0       0       0       
        2.37561 7.16424 24.6594 0.77794 2.64825 0.558633
CONM2   84      2024    0       106.648 0       0       0       
        2.23177 6.70515 23.0876 0.7280892.47855 0.531224
CONM2   85      2025    0       103.055 0       0       0       
        2.09466 6.26846 21.5922 0.68067 2.31712 0.504864
CONM2   86      2026    0       99.5226 0       0       0       
        1.96405 5.85342 20.1707 0.6356022.1637  0.479525
CONM2   87      2027    0       96.0522 0       0       0       
        1.83975 5.4593  18.8205 0.5928062.01802 0.455177
CONM2   88      2028    0       93.4486 0       0       0       
        1.95261 5.43143 17.4777 0.5875111.86578 0.435337
CONM2   89      2029    0       91.2637 0       0       0       
        2.05833 5.40481 16.225  0.5825071.72367 0.417568
CONM2   90      2030    0       88.9681 0       0       0       
        1.94205 5.07798 15.252  0.5472831.61944 0.400504
CONM2   91      2031    0       86.9899 0       0       0       
        1.8544  4.83349 14.5235 0.5209331.54147 0.387077
CONM2   92      2032    0       85.034  0       0       0       
        1.77743 4.62043 13.8881 0.49797 1.47352 0.374786
CONM2   93      2033    0       83.1003 0       0       0       
        1.70292 4.41448 13.2738 0.4757741.40784 0.362795
CONM2   94      2034    0       81.1888 0       0       0       
        1.63081 4.21548 12.6801 0.4543261.34438 0.351101
CONM2   95      2035    0       79.2995 0       0       0       
        1.56105 4.02327 12.1065 0.43361 1.28308 0.339695
CONM2   96      2036    0       77.4325 0       0       0       
        1.4936  3.83769 11.5526 0.4136091.2239  0.328575
CONM2   97      2037    0       75.5878 0       0       0       
        1.42838 3.65859 11.018  0.3943071.16678 0.317734
CONM2   98      2038    0       73.7653 0       0       0       
        1.36537 3.48582 10.5021 0.3756861.11168 0.307166
CONM2   99      2039    0       71.965  0       0       0       
        1.3045  3.31922 10.0046 0.3577311.05855 0.296868
CONM2   100     2040    0       70.187  0       0       0       
        1.24572 3.15865 9.52492 0.3404261.00734 0.286833
CONM2   101     2041    0       68.4312 0       0       0       
        1.18898 3.00397 9.06274 0.3237550.9580110.277057
CONM2   102     2042    0       66.6976 0       0       0       
        1.13424 2.85502 8.61759 0.3077020.9105090.267534
CONM2   103     2043    0       64.9863 0       0       0       
        1.08145 2.71167 8.18905 0.2922520.8647910.25826 
CONM2   104     2044    0       63.2973 0       0       0       
        1.03056 2.57377 7.7767  0.2773890.8208120.249231
CONM2   105     2045    0       61.6305 0       0       0       
        0.9815172.44118 7.38013 0.2630990.7785280.24044 
CONM2   106     2046    0       59.9859 0       0       0       
        0.9342812.31376 6.99892 0.2493670.7378930.231883
CONM2   107     2047    0       58.3635 0       0       0       
        0.8888042.19139 6.63269 0.2361780.6988660.223557
CONM2   108     2048    0       56.7634 0       0       0       
        0.8450412.07391 6.28102 0.2235170.6614020.215455
CONM2   109     2049    0       55.1856 0       0       0       
        0.8029471.96122 5.94352 0.2113710.6254610.207574
CONM2   110     2050    0       53.63   0       0       0       
        0.7624781.85316 5.61982 0.1997250.5909990.199909
CONM2   111     2051    0       52.0966 0       0       0       
        0.7235911.74961 5.30953 0.1885660.5579770.192455
CONM2   112     2052    0       50.5854 0       0       0       
        0.6862431.65045 5.01227 0.1778790.5263540.185209
CONM2   113     2053    0       49.0965 0       0       0       
        0.6503911.55555 4.72768 0.1676510.4960890.178165
CONM2   114     2054    0       47.6299 0       0       0       
        0.6159931.46479 4.45539 0.1578690.4671440.171321
CONM2   115     2055    0       46.1855 0       0       0       
        0.5830091.37805 4.19503 0.14852 0.43948 0.164671
CONM2   116     2056    0       44.7633 0       0       0       
        0.5513991.2952  3.94627 0.1395910.4130580.158211
CONM2   117     2057    0       43.3634 0       0       0       
        0.5211211.21613 3.70873 0.1310690.3878410.151937
CONM2   118     2058    0       41.9857 0       0       0       
        0.4921381.14072 3.48209 0.1229410.3637920.145846
CONM2   119     2059    0       40.6303 0       0       0       
        0.46441 1.06885 3.266   0.1151960.3408740.139934
CONM2   120     2060    0       39.2971 0       0       0       
        0.4378991.00043 3.06014 0.1078220.3190510.134195
CONM2   121     2061    0       37.9861 0       0       0       
        0.4125680.9353252.86417 0.1008050.2982890.128628
CONM2   122     2062    0       36.71   0       0       0       
        0.3982470.8862742.67012 0.0938190.2728680.122224
CONM2   123     2063    0       35.4838 0       0       0       
        0.3846620.8401  2.48775 0.0872570.2490150.116146
CONM2   124     2064    0       34.3277 0       0       0       
        0.3618070.78327 2.32263 0.0813540.23217 0.111455
CONM2   125     2065    0       33.2244 0       0       0       
        0.3407030.7310562.17081 0.0759310.2166930.10704 
CONM2   126     2066    0       32.1392 0       0       0       
        0.3214640.6840322.03386 0.0710470.2027540.102831
CONM2   127     2067    0       31.072  0       0       0       
        0.3031720.6395791.90428 0.0664300.1895780.098747
CONM2   128     2068    0       30.0228 0       0       0       
        0.2856930.5973161.781   0.0620400.1770510.094776
CONM2   129     2069    0       28.9917 0       0       0       
        0.2690020.55717 1.66381 0.0578700.1651510.090917
CONM2   130     2070    0       27.9785 0       0       0       
        0.2530740.5190711.55251 0.0539130.1538580.087166
CONM2   131     2071    0       26.9834 0       0       0       
        0.2378840.4829471.44688 0.0501610.1431510.083522
CONM2   132     2072    0       26.0063 0       0       0       
        0.2234080.44873 1.34675 0.0466070.1330080.079983
CONM2   133     2073    0       12.7611 0       0       0       
        0.1081730.2160450.6490150.0224390.0640380.039119
CONM2   134     2097    0       99.3996 0       0       0       
        3.59975 -11.422739.129  1.24035 -4.222360.702765
CONM2   135     2098    0       196.34  0       0       0       
        7.03172 -22.294776.3777 2.42091 -8.2412 1.37739 
CONM2   136     2099    0       191.453 0       0       0       
        6.70215 -21.213772.6857 2.30352 -7.8416 1.32199 
CONM2   137     2100    0       186.628 0       0       0       
        6.38441 -20.172469.1291 2.19045 -7.456691.26833 
CONM2   138     2101    0       181.864 0       0       0       
        6.07821 -19.169965.7047 2.08159 -7.086121.21639 
CONM2   139     2102    0       177.162 0       0       0       
        5.78327 -18.205262.4091 1.97684 -6.729511.16611 
CONM2   140     2103    0       172.521 0       0       0       
        5.4993  -17.277359.2391 1.87608 -6.386531.11746 
CONM2   141     2104    0       167.942 0       0       0       
        5.22602 -16.385356.1914 1.77923 -6.056811.07041 
CONM2   142     2105    0       163.425 0       0       0       
        4.96316 -15.528353.2628 1.68617 -5.740021.0249  
CONM2   143     2106    0       158.969 0       0       0       
        4.71045 -14.705350.4503 1.5968  -5.4358 0.98092 
CONM2   144     2107    0       154.575 0       0       0       
        4.46763 -13.915547.7506 1.51103 -5.143830.938417
CONM2   145     2108    0       150.242 0       0       0       
        4.23441 -13.157845.1608 1.42876 -4.863760.897358
CONM2   146     2109    0       145.971 0       0       0       
        4.01055 -12.431542.6778 1.34989 -4.595280.857709
CONM2   147     2110    0       141.762 0       0       0       
        3.79579 -11.735640.2986 1.27433 -4.338050.819433
CONM2   148     2111    0       137.614 0       0       0       
        3.58988 -11.069438.0203 1.20198 -4.091770.782496
CONM2   149     2112    0       133.528 0       0       0       
        3.39256 -10.431835.84   1.13276 -3.856110.746864
CONM2   150     2113    0       129.503 0       0       0       
        3.20359 -9.8222 33.7548 1.06656 -3.630760.712504
CONM2   151     2114    0       125.54  0       0       0       
        3.02272 -9.2396631.762  1.0033  -3.415420.679382
CONM2   152     2115    0       121.638 0       0       0       
        2.84973 -8.6833929.8587 0.942899-3.2098 0.647466
CONM2   153     2116    0       117.798 0       0       0       
        2.68436 -8.1525828.0424 0.885261-3.013590.616724
CONM2   154     2117    0       114.02  0       0       0       
        2.5264  -7.6464626.3101 0.830303-2.8265 0.587123
CONM2   155     2118    0       110.303 0       0       0       
        2.37561 -7.1642424.6594 0.77794 -2.648250.558633
CONM2   156     2119    0       106.648 0       0       0       
        2.23177 -6.7051523.0876 0.728089-2.478550.531224
CONM2   157     2120    0       103.055 0       0       0       
        2.09466 -6.2684621.5922 0.68067 -2.317120.504864
CONM2   158     2121    0       99.5226 0       0       0       
        1.96405 -5.8534220.1707 0.635602-2.1637 0.479525
CONM2   159     2122    0       96.0522 0       0       0       
        1.83975 -5.4593 18.8205 0.592806-2.018020.455177
CONM2   160     2123    0       93.4486 0       0       0       
        1.95261 -5.4314317.4777 0.587511-1.865780.435337
CONM2   161     2124    0       91.2637 0       0       0       
        2.05833 -5.4048116.225  0.582507-1.723670.417568
CONM2   162     2125    0       88.9681 0       0       0       
        1.94205 -5.0779815.252  0.547283-1.619440.400504
CONM2   163     2126    0       86.9899 0       0       0       
        1.8544  -4.8334914.5235 0.520933-1.541470.387077
CONM2   164     2127    0       85.034  0       0       0       
        1.77743 -4.6204313.8881 0.49797 -1.473520.374786
CONM2   165     2128    0       83.1003 0       0       0       
        1.70292 -4.4144813.2738 0.475774-1.407840.362795
CONM2   166     2129    0       81.1888 0       0       0       
        1.63081 -4.2154812.6801 0.454326-1.344380.351101
CONM2   167     2130    0       79.2995 0       0       0       
        1.56105 -4.0232712.1065 0.43361 -1.283080.339695
CONM2   168     2131    0       77.4325 0       0       0       
        1.4936  -3.8376911.5526 0.413609-1.2239 0.328575
CONM2   169     2132    0       75.5878 0       0       0       
        1.42838 -3.6585911.018  0.394307-1.166780.317734
CONM2   170     2133    0       73.7653 0       0       0       
        1.36537 -3.4858210.5021 0.375686-1.111680.307166
CONM2   171     2134    0       71.965  0       0       0       
        1.3045  -3.3192210.0046 0.357731-1.058550.296868
CONM2   172     2135    0       70.187  0       0       0       
        1.24572 -3.158659.52492 0.340426-1.007340.286833
CONM2   173     2136    0       68.4312 0       0       0       
        1.18898 -3.003979.06274 0.323755-0.958010.277057
CONM2   174     2137    0       66.6976 0       0       0       
        1.13424 -2.855028.61759 0.307702-0.910500.267534
CONM2   175     2138    0       64.9863 0       0       0       
        1.08145 -2.711678.18905 0.292252-0.864790.25826 
CONM2   176     2139    0       63.2973 0       0       0       
        1.03056 -2.573777.7767  0.277389-0.820810.249231
CONM2   177     2140    0       61.6305 0       0       0       
        0.981517-2.441187.38013 0.263099-0.778520.24044 
CONM2   178     2141    0       59.9859 0       0       0       
        0.934281-2.313766.99892 0.249367-0.737890.231883
CONM2   179     2142    0       58.3635 0       0       0       
        0.888804-2.191396.63269 0.236178-0.698860.223557
CONM2   180     2143    0       56.7634 0       0       0       
        0.845041-2.073916.28102 0.223517-0.661400.215455
CONM2   181     2144    0       55.1856 0       0       0       
        0.802947-1.961225.94352 0.211371-0.625460.207574
CONM2   182     2145    0       53.63   0       0       0       
        0.762478-1.853165.61982 0.199725-0.590990.199909
CONM2   183     2146    0       52.0966 0       0       0       
        0.723591-1.749615.30953 0.188566-0.557970.192455
CONM2   184     2147    0       50.5854 0       0       0       
        0.686243-1.650455.01227 0.177879-0.526350.185209
CONM2   185     2148    0       49.0965 0       0       0       
        0.650391-1.555554.72768 0.167651-0.496080.178165
CONM2   186     2149    0       47.6299 0       0       0       
        0.615993-1.464794.45539 0.157869-0.467140.171321
CONM2   187     2150    0       46.1855 0       0       0       
        0.583009-1.378054.19503 0.14852 -0.439480.164671
CONM2   188     2151    0       44.7633 0       0       0       
        0.551399-1.2952 3.94627 0.139591-0.413050.158211
CONM2   189     2152    0       43.3634 0       0       0       
        0.521121-1.216133.70873 0.131069-0.387840.151937
CONM2   190     2153    0       41.9857 0       0       0       
        0.492138-1.140723.48209 0.122941-0.363790.145846
CONM2   191     2154    0       40.6303 0       0       0       
        0.46441 -1.068853.266   0.115196-0.340870.139934
CONM2   192     2155    0       39.2971 0       0       0       
        0.437899-1.000433.06014 0.107822-0.319050.134195
CONM2   193     2156    0       37.9861 0       0       0       
        0.412568-0.935322.86417 0.100805-0.298280.128628
CONM2   194     2157    0       36.71   0       0       0       
        0.398247-0.886272.67012 0.093819-0.272860.122224
CONM2   195     2158    0       35.4838 0       0       0       
        0.384662-0.8401 2.48775 0.087257-0.249010.116146
CONM2   196     2159    0       34.3277 0       0       0       
        0.361807-0.783272.32263 0.081354-0.232170.111455
CONM2   197     2160    0       33.2244 0       0       0       
        0.340703-0.731052.17081 0.075931-0.216690.10704 
CONM2   198     2161    0       32.1392 0       0       0       
        0.321464-0.684032.03386 0.071047-0.202750.102831
CONM2   199     2162    0       31.072  0       0       0       
        0.303172-0.639571.90428 0.066430-0.189570.098747
CONM2   200     2163    0       30.0228 0       0       0       
        0.285693-0.597311.781   0.062040-0.177050.094776
CONM2   201     2164    0       28.9917 0       0       0       
        0.269002-0.557171.66381 0.057870-0.165150.090917
CONM2   202     2165    0       27.9785 0       0       0       
        0.253074-0.519071.55251 0.053913-0.153850.087166
CONM2   203     2166    0       26.9834 0       0       0       
        0.237884-0.482941.44688 0.050161-0.143150.083522
CONM2   204     2167    0       26.0063 0       0       0       
        0.223408-0.448731.34675 0.046607-0.133000.079983
CONM2   205     2168    0       12.7611 0       0       0       
        0.108173-0.216040.6490150.022439-0.064030.039119

$-------2-------3-------4-------5-------6-------7-------8-------9-------10
$ Lumped masses: CENTRAL TANK FUEL 8200 Kg
$ Wing beams: from 1 to 2
$-------2-------3-------4-------5-------6-------7-------8-------9-------10
CONM2   206     2000    0       1025    0       0       0       
        87.3734 0.      484.944 0.      0.      87.3734 
CONM2   207     2001    0       2050    0       0       0       
        174.747 0.      951.317 0.      0.      174.747 
CONM2   208     2002    0       1025    0       0       0       
        87.3734 0.      466.373 0.      0.      87.3734 
CONM2   209     2000    0       1025    0       0       0       
        87.3734 0.      484.944 0.      0.      87.3734 
CONM2   210     2096    0       2050    0       0       0       
        174.747 0.      951.317 0.      0.      174.747 
CONM2   211     2097    0       1025    0       0       0       
        87.3734 0.      466.373 0.      0.      87.3734 

$ Summary of payload (as CONM2): 
$ Wing tank: 12400
$ Central tank: 8200
$ Auxiliary tank: 1700
$ Passengers: 18143.8
$ Baggage: 1814
$-------2-------3-------4-------5-------6-------7-------8-------9-------10
$ SUPORT FOR CURRENT CONFIGURATION
SUPORT  1       1023    123456  
