PARAM   DIVERG  1       
AEROS           0       4.10061 34.1    122.4   0       0       
TRIM=   2       
TRIM    2       1       0.3     0.0     SIDES   0.0     ROLL    0.0     
        PITCH   0.0     YAW     0.0     URDD2   0.0     URDD3   9.81    
        URDD4   0.0     URDD5   0.0     URDD6   0.0     ANGLEA  0.0     
          flap1r0.0       flap2r0.0     aileronr0.0     
$-------2-------3-------4-------5-------6-------7-------8-------9-------10
$ Bodies and lifting surfaces definition
$-------2-------3-------4-------5-------6-------7-------8-------9-------10
CAERO1  200     0       0       2       7       0012    0012    1       
        16.2518 0       -1.308145.81203 2.02278 1       0       0.6605  0.6605  
CAERO1  250     0       0       2       7       0012    0012    1       
        16.2518 0       -1.308145.81203 -2.022781       0       0.6605  0.6605  
CAERO1  201     6       0       4       4       0012    0012    1       
        16.2518 2.02115 -1.308145.81203 4.28572 0.67840321.8538 0.6605  0.1152  
        1       0.1     0.174   3         flap1r
CAERO1  251     -6      0       4       4       0012    0012    1       
        16.2518 -2.02115-1.308145.81203 -4.285720.678403-21.85380.6605  0.1152  
        1       0.1     0.174   3           none
CAERO1  202     6       0       5       4       0012    0012    1       
        18.438  6.2834  -0.860163.9429  5.6265  0.62818321.8591 0.1152  -1.193  
        1       0.174   0.174   3         flap2r
CAERO1  252     -6      0       5       4       0012    0012    1       
        18.438  -6.2834 -0.860163.9429  -5.6265 0.628183-21.85910.1152  -1.193  
        1       0.174   0.174   3         flap2l
CAERO1  204     6       0       5       4       0012    0012    1       
        21.0616 11.8791 -0.272032.47686 4.092   0.61081122.1667 -1.193  -1.193  
        1       0.176   0.176   3       aileronr
CAERO1  205     6       0       1       7       0012    0012    1       
        22.9698 15.9711 0.1580541.51289 1.023   0.84070822.1667 -1.193  -1.193  
CAERO1  254     -6      0       5       4       0012    0012    1       
        21.0616 -11.8791-0.272032.47686 -4.092  0.610811-22.1667-1.193  -1.193  
        1       0.176   0.176   3       aileronl
CAERO1  255     -6      0       1       7       0012    0012    1       
        22.9698 -15.97110.1580541.51289 -1.023  0.840708-22.1667-1.193  -1.193  
CAERO1  206     85      0       1       7       0012    0012    1       
        23.4472 16.9562 0.27163 1.2719  0.25    0.3     70.613  -1.193  5       
CAERO1  256     -85     0       1       7       0012    0012    1       
        23.4472 -16.95620.27163 1.2719  -0.25   0.3     -70.613 -1.193  5       

$-------2-------3-------4-------5-------6-------7-------8-------9-------10
$ Links aeroelastic variables
$-------2-------3-------4-------5-------6-------7-------8-------9-------10
AELINK  1           none  flap1r-1.0    
AELINK  2         flap2l  flap2r-1.0    
AELINK  3       aileronlaileronr1.0     
