
$-------2-------3-------4-------5-------6-------7-------8-------9-------10
$ Node definition
$-------2-------3-------4-------5-------6-------7-------8-------9-------10
GRID    1000    0       0.      0.      -0.434640       0       0       
GRID    1001    0       4.968   0.      7.77e-170       0       0       
GRID    1002    0       8.902   0.      5.67e-170       0       0       
GRID    1003    0       13.353  0.      3.30e-170       0       0       
GRID    1004    0       19.1578 0.      2.16e-180       0       0       
GRID    1005    0       22.255  0.      1.71e-180       0       0       
GRID    1006    0       26.706  0.      1.07e-180       0       0       
GRID    1007    0       34.16   0.      0.      0       0       0       
GRID    1008    0       39.5429 0.      0.5657640       0       0       
GRID    1009    0       40.6654 0.      0.68375 0       0       0       
GRID    1010    0       44.51   0.      1.08783 0       0       0       
GRID    2001    0       19.1578 1.01139 -1.3248 0       0       0       
GRID    2002    0       19.1578 2.02278 -1.3248 0       0       0       
GRID    2003    0       19.4081 2.87494 -1.232270       0       0       
GRID    2004    0       19.6584 3.7271  -1.139730       0       0       
GRID    2005    0       19.9088 4.57927 -1.0472 0       0       0       
GRID    2006    0       20.1591 5.43143 -0.954660       0       0       
GRID    2007    0       20.4094 6.28359 -0.862130       0       0       
GRID    2008    0       20.7245 7.21596 -0.761640       0       0       
GRID    2009    0       21.0396 8.14833 -0.661150       0       0       
GRID    2010    0       21.3547 9.08071 -0.560670       0       0       
GRID    2011    0       21.6698 10.0131 -0.460180       0       0       
GRID    2012    0       21.9849 10.9455 -0.359690       0       0       
GRID    2013    0       22.3    11.8778 -0.259210       0       0       
GRID    2014    0       22.5971 12.7258 -0.171140       0       0       
GRID    2015    0       22.8942 13.5737 -0.083060       0       0       
GRID    2016    0       23.1913 14.4216 0.0050010       0       0       
GRID    2017    0       23.4885 15.2695 0.0930720       0       0       
GRID    2018    0       23.7856 16.1175 0.1811430       0       0       
GRID    2019    0       24.0827 16.9654 0.2692140       0       0       
GRID    2020    0       24.5708 16.9808 0.5199540       0       0       
GRID    2000    0       19.1578 0.      -1.3248 0       0       0       
GRID    2021    0       19.1578 -1.01139-1.3248 0       0       0       
GRID    2022    0       19.1578 -2.02278-1.3248 0       0       0       
GRID    2023    0       19.4081 -2.87494-1.232270       0       0       
GRID    2024    0       19.6584 -3.7271 -1.139730       0       0       
GRID    2025    0       19.9088 -4.57927-1.0472 0       0       0       
GRID    2026    0       20.1591 -5.43143-0.954660       0       0       
GRID    2027    0       20.4094 -6.28359-0.862130       0       0       
GRID    2028    0       20.7245 -7.21596-0.761640       0       0       
GRID    2029    0       21.0396 -8.14833-0.661150       0       0       
GRID    2030    0       21.3547 -9.08071-0.560670       0       0       
GRID    2031    0       21.6698 -10.0131-0.460180       0       0       
GRID    2032    0       21.9849 -10.9455-0.359690       0       0       
GRID    2033    0       22.3    -11.8778-0.259210       0       0       
GRID    2034    0       22.5971 -12.7258-0.171140       0       0       
GRID    2035    0       22.8942 -13.5737-0.083060       0       0       
GRID    2036    0       23.1913 -14.42160.0050010       0       0       
GRID    2037    0       23.4885 -15.26950.0930720       0       0       
GRID    2038    0       23.7856 -16.11750.1811430       0       0       
GRID    2039    0       24.0827 -16.96540.2692140       0       0       
GRID    2040    0       24.5708 -16.98080.5199540       0       0       
GRID    3000    0       39.5429 0.      1.7802  0       0       0       
GRID    3001    0       39.8272 0.      2.4062  0       0       0       
GRID    3002    0       40.1116 0.      3.0322  0       0       0       
GRID    3003    0       40.396  0.      3.6582  0       0       0       
GRID    3004    0       40.6803 0.      4.2842  0       0       0       
GRID    3005    0       40.9647 0.      4.9102  0       0       0       
GRID    3006    0       41.2447 0.      5.5362  0       0       0       
GRID    3007    0       41.5248 0.      6.1622  0       0       0       
GRID    3008    0       41.8048 0.      6.7882  0       0       0       
GRID    3009    0       42.0848 0.      7.4142  0       0       0       
GRID    3010    0       42.3649 0.      8.0402  0       0       0       
GRID    4001    0       40.6654 0.6235840.6624  0       0       0       
GRID    4002    0       40.6654 1.24717 0.6624  0       0       0       
GRID    4003    0       40.8112 1.71095 0.7111450       0       0       
GRID    4004    0       40.9569 2.17472 0.75989 0       0       0       
GRID    4005    0       41.1027 2.6385  0.8086350       0       0       
GRID    4006    0       41.2484 3.10228 0.85738 0       0       0       
GRID    4007    0       41.3969 3.54449 0.9038580       0       0       
GRID    4008    0       41.5454 3.9867  0.9503360       0       0       
GRID    4009    0       41.6938 4.4289  0.9968140       0       0       
GRID    4010    0       41.8423 4.87111 1.04329 0       0       0       
GRID    4011    0       41.9908 5.31332 1.08977 0       0       0       
GRID    4012    0       42.1392 5.75552 1.13625 0       0       0       
GRID    4013    0       42.2877 6.19773 1.18273 0       0       0       
GRID    4000    0       40.6654 0.      0.6624  0       0       0       
GRID    4014    0       40.6654 -0.623580.6624  0       0       0       
GRID    4015    0       40.6654 -1.247170.6624  0       0       0       
GRID    4016    0       40.8112 -1.710950.7111450       0       0       
GRID    4017    0       40.9569 -2.174720.75989 0       0       0       
GRID    4018    0       41.1027 -2.6385 0.8086350       0       0       
GRID    4019    0       41.2484 -3.102280.85738 0       0       0       
GRID    4020    0       41.3969 -3.544490.9038580       0       0       
GRID    4021    0       41.5454 -3.9867 0.9503360       0       0       
GRID    4022    0       41.6938 -4.4289 0.9968140       0       0       
GRID    4023    0       41.8423 -4.871111.04329 0       0       0       
GRID    4024    0       41.9908 -5.313321.08977 0       0       0       
GRID    4025    0       42.1392 -5.755521.13625 0       0       0       
GRID    4026    0       42.2877 -6.197731.18273 0       0       0       

$-------2-------3-------4-------5-------6-------7-------8-------9-------10
$ Bodies and lifting surfaces definition
$-------2-------3-------4-------5-------6-------7-------8-------9-------10
CAERO1  200     0       0       2       7       0012    0012    1       
        16.2518 0       -1.308145.81203 2.02278 1       0       0.6605  0.6605  
CAERO1  250     0       0       2       7       0012    0012    1       
        16.2518 0       -1.308145.81203 -2.022781       0       0.6605  0.6605  
CAERO1  201     6       0       4       4       0012    0012    1       
        16.2518 2.02115 -1.308145.81203 4.28572 0.67840321.8538 0.6605  0.1152  
        1       0.1     0.174   3         flap1r
CAERO1  251     -6      0       4       4       0012    0012    1       
        16.2518 -2.02115-1.308145.81203 -4.285720.678403-21.85380.6605  0.1152  
        1       0.1     0.174   3           none
CAERO1  202     6       0       5       4       0012    0012    1       
        18.438  6.2834  -0.860163.9429  5.6265  0.62818321.8591 0.1152  -1.193  
        1       0.174   0.174   3         flap2r
CAERO1  252     -6      0       5       4       0012    0012    1       
        18.438  -6.2834 -0.860163.9429  -5.6265 0.628183-21.85910.1152  -1.193  
        1       0.174   0.174   3         flap2l
CAERO1  204     6       0       5       4       0012    0012    1       
        21.0616 11.8791 -0.272032.47686 4.092   0.61081122.1667 -1.193  -1.193  
        1       0.176   0.176   3       aileronr
CAERO1  205     6       0       1       7       0012    0012    1       
        22.9698 15.9711 0.1580541.51289 1.023   0.84070822.1667 -1.193  -1.193  
CAERO1  254     -6      0       5       4       0012    0012    1       
        21.0616 -11.8791-0.272032.47686 -4.092  0.610811-22.1667-1.193  -1.193  
        1       0.176   0.176   3       aileronl
CAERO1  255     -6      0       1       7       0012    0012    1       
        22.9698 -15.97110.1580541.51289 -1.023  0.840708-22.1667-1.193  -1.193  
CAERO1  206     85      0       1       7       0012    0012    1       
        23.4472 16.9562 0.27163 1.2719  0.25    0.3     70.613  -1.193  5       
CAERO1  256     -85     0       1       7       0012    0012    1       
        23.4472 -16.95620.27163 1.2719  -0.25   0.3     -70.613 -1.193  5       
CAERO1  400     0       0       2       7       0012    0012    1       
        39.5278 0       0.6624  2.8442  1.24717 1       0       0       0       
CAERO1  450     0       0       2       7       0012    0012    1       
        39.5278 0       0.6624  2.8442  -1.247171       0       0       0       
CAERO1  401     6       0       3       4       0012    0012    1       
        39.5278 1.24717 0.6624  2.8442  1.86533 0.74788320.3147 0       0       
        1       0.31    0.31    3         elev1r
CAERO1  451     -6      0       3       4       0012    0012    1       
        39.5278 -1.247170.6624  2.8442  -1.865330.747883-20.31470       0       
        1       0.31    0.31    3         elev1l
CAERO1  402     6       0       4       4       0012    0012    1       
        40.3976 3.10228 0.85738 2.12713 3.1125  0.51562520.9843 0       0       
        1       0.31    0.31    3         elev2r
CAERO1  452     -6      0       4       4       0012    0012    1       
        40.3976 -3.102280.85738 2.12713 -3.1125 0.515625-20.98430       0       
        1       0.31    0.31    3         elev2l
CAERO1  301     90      0       4       4       0012    0012    1       
        37.3884 0       1.7802  5.06938 3.13    0.68    28.5877 0       0       
        1       0.4     0.4     3        rudder1
CAERO1  302     90      0       4       4       0012    0012    1       
        39.4996 1.91e-164.9102  3.44718 3.13    0.51470628.4085 0       0       
        1       0.4     0.4     3        rudder2

$-------2-------3-------4-------5-------6-------7-------8-------9-------10
$ Links aeroelastic variables
$-------2-------3-------4-------5-------6-------7-------8-------9-------10
AELINK  1           none  flap1r-1.0    
AELINK  2         flap2l  flap2r-1.0    
AELINK  3       aileronlaileronr1.0     
AELINK  4        rudder2 rudder11.0     
AELINK  5         elev2r  elev1r1.0     
AELINK  6         elev1l  elev1r-1.0    
AELINK  7         elev2l  elev1r-1.0    
PARAM   DIVERG  1       
AEROS           0       4.10061 34.1    122.4   0       0       

$-------2-------3-------4-------5-------6-------7-------8-------9-------10
$ Structural interpolation set
$-------2-------3-------4-------5-------6-------7-------8-------9-------10
SET1    200     2000    2001    2002    
CORD2R  200     0       19.157770.000000-1.3248019.157770.000000-0.32480
        18.157770.000000-1.32480
SET1    201     2002    2003    2004    2005    2006    2007    
CORD2R  201     0       19.157772.022779-1.3248019.157771.914827-0.33064
        18.197862.301471-1.29453
SET1    202     2007    2008    2009    2010    2011    2012    2013    
CORD2R  202     0       20.409416.283590-0.8621320.409416.1764350.132109
        19.461496.600257-0.82800
SET1    203     2013    2014    2015    2016    2017    2018    2019    
CORD2R  203     0       22.2999511.87782-0.2592122.2999511.774510.735438
        21.3556612.20518-0.22521
SET1    204     2019    2020    
CORD2R  204     0       24.0827016.965410.26921424.0827015.967280.330414
        23.6251017.019821.156707
SET1    250     2000    2021    2022    
CORD2R  250     0       19.157770.000000-1.3248019.157770.000000-2.32480
        18.157770.000000-1.32480
SET1    251     2022    2023    2024    2025    2026    2027    
CORD2R  251     0       19.15777-2.02277-1.3248019.15777-2.13073-2.31895
        18.19786-2.30147-1.29453
SET1    252     2027    2028    2029    2030    2031    2032    2033    
CORD2R  252     0       20.40941-6.28359-0.8621320.40941-6.39074-1.85637
        19.46149-6.60025-0.82800
SET1    253     2033    2034    2035    2036    2037    2038    2039    
CORD2R  253     0       22.29995-11.8778-0.2592122.29995-11.9811-1.25386
        21.35566-12.2051-0.22521
SET1    254     2039    2040    
CORD2R  254     0       24.08270-16.96540.26921424.08270-17.96350.208015
        23.62510-17.01981.156707
SET1    301     3000    3001    3002    3003    3004    3005    
CORD2R  301     0       39.542880.0000001.78020039.54288-1.000001.780200
        38.632410.0000002.193774
SET1    302     3005    3006    3007    3008    3009    3010    
CORD2R  302     0       40.964660.0000004.91020040.96466-1.000004.910200
        40.051840.0000005.318558
SET1    400     4000    4001    
CORD2R  400     0       40.665440.0000000.66240040.665440.0000001.662400
        39.665440.0000000.662400
SET1    401     4001    4002    4003    4004    4005    4006    
CORD2R  401     0       40.665440.6235840.66240040.665440.5451641.659320
        39.691850.8511650.680302
SET1    402     4006    4007    4008    4009    4010    4011    4012    
        4013    
CORD2R  402     0       41.248433.1022820.85738041.248432.9977531.851902
        40.299913.4172540.890485
SET1    450     4000    4014    
CORD2R  450     0       40.665440.0000000.66240040.665440.000000-0.33760
        39.665440.0000000.662400
SET1    451     4014    4015    4016    4017    4018    4019    
CORD2R  451     0       40.66544-0.623580.66240040.66544-0.70200-0.33452
        39.69185-0.851160.680302
SET1    452     4019    4020    4021    4022    4023    4024    4025    
        4026    
CORD2R  452     0       41.24843-3.102280.85738041.24843-3.20681-0.13714
        40.29991-3.417250.890485

$-------2-------3-------4-------5-------6-------7-------8-------9-------10
$ Interpolation definition
$-------2-------3-------4-------5-------6-------7-------8-------9-------10
SPLINE1 200     200     1       14      200                     0       
SPLINE1 201     201     1       28      201                     0       
SPLINE1 202     202     1       35      202                     0       
SPLINE1 203     204     1       35      203                     0       
SPLINE1 204     206     1       7       204                     0       
SPLINE1 205     205     1       7       203                     0       
SPLINE1 250     250     1       14      250                     0       
SPLINE1 251     251     1       28      251                     0       
SPLINE1 252     252     1       35      252                     0       
SPLINE1 253     254     1       35      253                     0       
SPLINE1 254     256     1       7       254                     0       
SPLINE1 255     255     1       7       253                     0       
SPLINE1 301     301     1       28      301                     0       
SPLINE1 302     302     1       28      302                     0       
SPLINE1 400     400     1       14      400                     0       
SPLINE1 401     401     1       21      401                     0       
SPLINE1 402     402     1       28      402                     0       
SPLINE1 450     450     1       14      450                     0       
SPLINE1 451     451     1       21      451                     0       
SPLINE1 452     452     1       28      452                     0       
PARAM   GRDPNT  1004    
CONM2   1       1004    0       86616.8 0.8703050       -0.56551
        504730. 0.      3.28e+060.      0.      3.58e+06
SOL 144
$
$-------2-------3-------4-------5-------6-------7-------8-------9-------10
$ GUESS/SMARTCAD trim interface automatically included by GUESS
$-------2-------3-------4-------5-------6-------7-------8-------9-------10
$
INCLUDE C:\Users\frama\Desktop\Nuova cartella\original\A321_sizingMan.inc
$

$ Uncomment the following lines to run solve_vlm_rigid and get aero data
$TRIM    1       1       0.3     0.0     SIDES   0.0     ROLL    0.0     
$        PITCH   0.0     YAW     0.0     URDD2   0.0     URDD3   9.81    
$        URDD4   0.0     URDD5   0.0     URDD6   0.0     ANGLEA  0.0     
$          elev1r0.0       flap1r0.0       flap2r0.0      rudder10.0     
$        aileronr0.0     
GRID    9000    0       20.3249 0.      -0.647580       0       0       
PARAM   LANDG   9000
