INCLUDE C:\Users\frama\Desktop\Nuova cartella\1\A321_0H_tube.dat
$-------2-------3-------4-------5-------6-------7-------8-------9-------10
$ Lumped masses: BAGGAGE 1814 Kg
$ Fuselage beams: from 11 to 35
$ Fraction of baggage length: from 0 to 100 %
$ XML variabile: aircraft.Baggage.Baggage_combined_length = 22 m.
$-------2-------3-------4-------5-------6-------7-------8-------9-------10
CONM2   4       1010    0       35.7776 0       0       0       
        0.      0.      0.      0.      0.      0.      
CONM2   5       1011    0       72.2202 0       0       0       
        0.      0.      0.      0.      0.      0.      
CONM2   6       1012    0       72.3828 0       0       0       
        0.      0.      0.      0.      0.      0.      
CONM2   7       1013    0       72.5454 0       0       0       
        0.      0.      0.      0.      0.      0.      
CONM2   8       1014    0       72.708  0       0       0       
        0.      0.      0.      0.      0.      0.      
CONM2   9       1015    0       72.8705 0       0       0       
        0.      0.      0.      0.      0.      0.      
CONM2   10      1016    0       73.0331 0       0       0       
        0.      0.      0.      0.      0.      0.      
CONM2   11      1017    0       73.1957 0       0       0       
        0.      0.      0.      0.      0.      0.      
CONM2   12      1018    0       73.3583 0       0       0       
        0.      0.      0.      0.      0.      0.      
CONM2   13      1019    0       73.5209 0       0       0       
        0.      0.      0.      0.      0.      0.      
CONM2   14      1020    0       87.6668 0       0       0       
        0.      0.      0.      0.      0.      0.      
CONM2   15      1021    0       73.9088 0       0       0       
        0.      0.      0.      0.      0.      0.      
CONM2   16      1022    0       60.0254 0       0       0       
        0.      0.      0.      0.      0.      0.      
CONM2   17      1023    0       74.1713 0       0       0       
        0.      0.      0.      0.      0.      0.      
CONM2   18      1024    0       74.3339 0       0       0       
        0.      0.      0.      0.      0.      0.      
CONM2   19      1025    0       74.4965 0       0       0       
        0.      0.      0.      0.      0.      0.      
CONM2   20      1026    0       74.6591 0       0       0       
        0.      0.      0.      0.      0.      0.      
CONM2   21      1027    0       74.8217 0       0       0       
        0.      0.      0.      0.      0.      0.      
CONM2   22      1028    0       74.9842 0       0       0       
        0.      0.      0.      0.      0.      0.      
CONM2   23      1029    0       75.1468 0       0       0       
        0.      0.      0.      0.      0.      0.      
CONM2   24      1030    0       75.3094 0       0       0       
        0.      0.      0.      0.      0.      0.      
CONM2   25      1031    0       75.472  0       0       0       
        0.      0.      0.      0.      0.      0.      
CONM2   26      1032    0       75.6346 0       0       0       
        0.      0.      0.      0.      0.      0.      
CONM2   27      1033    0       75.7972 0       0       0       
        0.      0.      0.      0.      0.      0.      
CONM2   28      1034    0       75.9598 0       0       0       
        0.      0.      0.      0.      0.      0.      

$-------2-------3-------4-------5-------6-------7-------8-------9-------10
$ Lumped masses: PASSENGERS 18143.8 Kg
$ Fuselage beams: from 7 to 38
$ Fraction of cabin length : from 0 to 100 %
$ Cabin length = 29.192 m.
$-------2-------3-------4-------5-------6-------7-------8-------9-------10
CONM2   29      1006    0       392.623 0       0       0       
        0.      0.      0.      0.      0.      0.      
CONM2   30      1007    0       669.267 0       0       0       
        0.      0.      0.      0.      0.      0.      
CONM2   31      1008    0       553.289 0       0       0       
        0.      0.      0.      0.      0.      0.      
CONM2   32      1009    0       553.289 0       0       0       
        0.      0.      0.      0.      0.      0.      
CONM2   33      1010    0       553.289 0       0       0       
        0.      0.      0.      0.      0.      0.      
CONM2   34      1011    0       553.289 0       0       0       
        0.      0.      0.      0.      0.      0.      
CONM2   35      1012    0       553.289 0       0       0       
        0.      0.      0.      0.      0.      0.      
CONM2   36      1013    0       553.289 0       0       0       
        0.      0.      0.      0.      0.      0.      
CONM2   37      1014    0       553.289 0       0       0       
        0.      0.      0.      0.      0.      0.      
CONM2   38      1015    0       553.289 0       0       0       
        0.      0.      0.      0.      0.      0.      
CONM2   39      1016    0       553.289 0       0       0       
        0.      0.      0.      0.      0.      0.      
CONM2   40      1017    0       553.289 0       0       0       
        0.      0.      0.      0.      0.      0.      
CONM2   41      1018    0       553.289 0       0       0       
        0.      0.      0.      0.      0.      0.      
CONM2   42      1019    0       553.289 0       0       0       
        0.      0.      0.      0.      0.      0.      
CONM2   43      1020    0       659.915 0       0       0       
        0.      0.      0.      0.      0.      0.      
CONM2   44      1021    0       553.289 0       0       0       
        0.      0.      0.      0.      0.      0.      
CONM2   45      1022    0       446.663 0       0       0       
        0.      0.      0.      0.      0.      0.      
CONM2   46      1023    0       553.289 0       0       0       
        0.      0.      0.      0.      0.      0.      
CONM2   47      1024    0       553.289 0       0       0       
        0.      0.      0.      0.      0.      0.      
CONM2   48      1025    0       553.289 0       0       0       
        0.      0.      0.      0.      0.      0.      
CONM2   49      1026    0       553.289 0       0       0       
        0.      0.      0.      0.      0.      0.      
CONM2   50      1027    0       553.289 0       0       0       
        0.      0.      0.      0.      0.      0.      
CONM2   51      1028    0       553.289 0       0       0       
        0.      0.      0.      0.      0.      0.      
CONM2   52      1029    0       553.289 0       0       0       
        0.      0.      0.      0.      0.      0.      
CONM2   53      1030    0       553.289 0       0       0       
        0.      0.      0.      0.      0.      0.      
CONM2   54      1031    0       553.289 0       0       0       
        0.      0.      0.      0.      0.      0.      
CONM2   55      1032    0       553.289 0       0       0       
        0.      0.      0.      0.      0.      0.      
CONM2   56      1033    0       553.289 0       0       0       
        0.      0.      0.      0.      0.      0.      
CONM2   57      1034    0       553.289 0       0       0       
        0.      0.      0.      0.      0.      0.      
CONM2   58      1035    0       553.289 0       0       0       
        0.      0.      0.      0.      0.      0.      
CONM2   59      1036    0       553.289 0       0       0       
        0.      0.      0.      0.      0.      0.      
CONM2   60      1037    0       656.588 0       0       0       
        0.      0.      0.      0.      0.      0.      
CONM2   61      1038    0       379.943 0       0       0       
        0.      0.      0.      0.      0.      0.      

$-------2-------3-------4-------5-------6-------7-------8-------9-------10
$ Lumped masses: WING TANK FUEL 12400 Kg
$ Wing beams: from 3 to 69
$ Span fraction: from 8.9901 to 75 %
$-------2-------3-------4-------5-------6-------7-------8-------9-------10
CONM2   62      2002    0       140.387 0       0       0       
        5.33233 14.8397 47.6926 1.59406 5.05314 1.19381 
CONM2   63      2003    0       275.65  0       0       0       
        10.3092 28.6279 92.0281 3.07516 9.74821 2.32539 
CONM2   64      2004    0       265.495 0       0       0       
        9.61656 26.5816 85.4943 2.85535 9.05141 2.20346 
CONM2   65      2005    0       255.532 0       0       0       
        8.96001 24.6467 79.3148 2.64752 8.39258 2.08648 
CONM2   66      2006    0       245.759 0       0       0       
        8.33821 22.8193 73.4765 2.45122 7.77031 1.97432 
CONM2   67      2007    0       236.176 0       0       0       
        7.74989 21.0952 67.9668 2.26602 7.18324 1.86682 
CONM2   68      2008    0       226.785 0       0       0       
        7.19381 19.4705 62.7729 2.09149 6.63    1.76384 
CONM2   69      2009    0       217.583 0       0       0       
        6.66873 17.9413 57.8826 1.92723 6.10927 1.66524 
CONM2   70      2010    0       208.573 0       0       0       
        6.17346 16.5038 53.2838 1.77281 5.61977 1.57087 
CONM2   71      2011    0       199.752 0       0       0       
        5.70682 15.1542 48.9648 1.62784 5.16022 1.4806  
CONM2   72      2012    0       191.123 0       0       0       
        5.26766 13.8889 44.9138 1.49192 4.72937 1.39431 
CONM2   73      2013    0       182.684 0       0       0       
        4.85484 12.7043 41.1196 1.36468 4.326   1.31184 
CONM2   74      2014    0       174.435 0       0       0       
        4.46727 11.597  37.5711 1.24573 3.94894 1.23309 
CONM2   75      2015    0       166.377 0       0       0       
        4.10387 10.5634 34.2575 1.13471 3.59701 1.15792 
CONM2   76      2016    0       158.51  0       0       0       
        3.76357 9.60036 31.168  1.03126 3.26906 1.08621 
CONM2   77      2017    0       150.833 0       0       0       
        3.44536 8.70448 28.2925 0.9350222.964   1.01784 
CONM2   78      2018    0       143.347 0       0       0       
        3.14822 7.8726  25.6208 0.8456632.68074 0.952698
CONM2   79      2019    0       136.051 0       0       0       
        2.87117 7.10162 23.1429 0.7628452.41821 0.890665
CONM2   80      2020    0       128.946 0       0       0       
        2.61326 6.38849 20.8494 0.6862422.17537 0.831633
CONM2   81      2021    0       122.032 0       0       0       
        2.37356 5.73026 18.7307 0.6155361.95124 0.775492
CONM2   82      2022    0       115.308 0       0       0       
        2.15114 5.12405 16.7779 0.5504171.74481 0.722138
CONM2   83      2023    0       108.775 0       0       0       
        1.94513 4.56705 14.9819 0.4905861.55515 0.671467
CONM2   84      2024    0       102.432 0       0       0       
        1.75468 4.05655 13.3342 0.4357481.38131 0.623381
CONM2   85      2025    0       96.2796 0       0       0       
        1.57893 3.58988 11.8263 0.3856191.22241 0.577782
CONM2   86      2026    0       90.318  0       0       0       
        1.41709 3.16448 10.4502 0.3399241.07755 0.534577
CONM2   87      2027    0       84.5469 0       0       0       
        1.26837 2.77786 9.19785 0.2983940.9459030.493673
CONM2   88      2028    0       78.9664 0       0       0       
        1.132   2.4276  8.06164 0.2607690.8266330.454983
CONM2   89      2029    0       73.5764 0       0       0       
        1.00724 2.11135 7.03415 0.2267980.7189470.418421
CONM2   90      2030    0       69.4366 0       0       0       
        1.04823 2.01972 6.06435 0.2155910.61274 0.393449
CONM2   91      2031    0       66.6943 0       0       0       
        1.09881 1.96682 5.29484 0.20869 0.5277450.377056
CONM2   92      2032    0       64.6355 0       0       0       
        1.01783 1.78709 4.83043 0.18962 0.47952 0.362028
CONM2   93      2033    0       63.0278 0       0       0       
        0.9659061.67536 4.54013 0.1777640.4495390.351108
CONM2   94      2034    0       61.4403 0       0       0       
        0.9247541.59061 4.31818 0.1687720.4268  0.341053
CONM2   95      2035    0       59.8731 0       0       0       
        0.8849731.50909 4.10449 0.1601230.4049260.331188
CONM2   96      2036    0       58.3261 0       0       0       
        0.8465331.43071 3.89883 0.1518060.3838950.321509
CONM2   97      2037    0       56.7994 0       0       0       
        0.8094  1.3554  3.70102 0.1438150.3636860.312015
CONM2   98      2038    0       55.2929 0       0       0       
        0.7735441.28306 3.51084 0.13614 0.3442770.302704
CONM2   99      2039    0       53.8067 0       0       0       
        0.7389331.21363 3.3281  0.1287730.3256460.293573
CONM2   100     2040    0       52.3407 0       0       0       
        0.7055371.14702 3.1526  0.1217050.3077740.284619
CONM2   101     2041    0       50.895  0       0       0       
        0.6733241.08316 2.98415 0.1149290.2906380.275841
CONM2   102     2042    0       49.4695 0       0       0       
        0.6422661.02197 2.82255 0.1084370.27422 0.267237
CONM2   103     2043    0       48.0643 0       0       0       
        0.6123320.96338 2.66762 0.10222 0.2584980.258804
CONM2   104     2044    0       46.6793 0       0       0       
        0.5834940.9073122.51916 0.0962700.2434540.250541
CONM2   105     2045    0       45.3145 0       0       0       
        0.5557220.8536962.37701 0.0905810.2290670.242445
CONM2   106     2046    0       43.97   0       0       0       
        0.5289890.8024592.24096 0.0851450.2153190.234514
CONM2   107     2047    0       42.6458 0       0       0       
        0.5032660.7535312.11086 0.0799530.2021910.226746
CONM2   108     2048    0       41.3418 0       0       0       
        0.4785260.7068431.98651 0.0749990.1896630.219139
CONM2   109     2049    0       40.058  0       0       0       
        0.4547430.6623251.86776 0.0702760.1777180.211692
CONM2   110     2050    0       38.7945 0       0       0       
        0.4318890.6199121.75442 0.0657760.1663370.204402
CONM2   111     2051    0       37.5513 0       0       0       
        0.4099380.5795361.64633 0.0614910.1555040.197268
CONM2   112     2052    0       36.3283 0       0       0       
        0.3888640.5411321.54332 0.0574170.1451990.190287
CONM2   113     2053    0       35.1255 0       0       0       
        0.3686420.5046361.44524 0.0535440.1354060.183458
CONM2   114     2054    0       33.943  0       0       0       
        0.3492470.4699851.35192 0.0498670.1261080.176779
CONM2   115     2055    0       32.7808 0       0       0       
        0.3306550.4371171.26321 0.0463800.1172890.170248
CONM2   116     2056    0       31.6387 0       0       0       
        0.3128410.40597 1.17894 0.0430750.1089320.163864
CONM2   117     2057    0       30.517  0       0       0       
        0.2957810.3764841.09898 0.0399470.10102 0.157624
CONM2   118     2058    0       29.4155 0       0       0       
        0.2794530.3486011.02316 0.0369880.0935380.151528
CONM2   119     2059    0       28.3342 0       0       0       
        0.2638320.3222630.9513510.0341930.0864700.145573
CONM2   120     2060    0       27.2732 0       0       0       
        0.2488980.2974120.8834  0.0315570.0798020.139758
CONM2   121     2061    0       26.2324 0       0       0       
        0.2346270.2739920.8191660.0290720.0735180.134081
CONM2   122     2062    0       25.2119 0       0       0       
        0.2209980.25195 0.7585110.0267330.0676040.128541
CONM2   123     2063    0       24.2116 0       0       0       
        0.2079890.2312310.7013010.0245340.0620440.123136
CONM2   124     2064    0       23.2316 0       0       0       
        0.1955810.2117820.6474  0.0224710.0568260.117864
CONM2   125     2065    0       22.2718 0       0       0       
        0.1837520.1935520.5966780.0205360.0519340.112725
CONM2   126     2066    0       21.3323 0       0       0       
        0.1724820.17649 0.5490080.0187260.0473560.107716
CONM2   127     2067    0       20.413  0       0       0       
        0.1617520.1605470.5042640.0170340.0430780.102837
CONM2   128     2068    0       19.514  0       0       0       
        0.1515430.1456730.4623230.0154560.0390870.098085
CONM2   129     2069    0       9.53477 0       0       0       
        0.0732820.0692480.2210190.0073470.0185810.047870
CONM2   130     2095    0       140.387 0       0       0       
        5.33233 -14.839747.6926 1.59406 -5.053141.19381 
CONM2   131     2096    0       275.65  0       0       0       
        10.3092 -28.627992.0281 3.07516 -9.748212.32539 
CONM2   132     2097    0       265.495 0       0       0       
        9.61656 -26.581685.4943 2.85535 -9.051412.20346 
CONM2   133     2098    0       255.532 0       0       0       
        8.96001 -24.646779.3148 2.64752 -8.392582.08648 
CONM2   134     2099    0       245.759 0       0       0       
        8.33821 -22.819373.4765 2.45122 -7.770311.97432 
CONM2   135     2100    0       236.176 0       0       0       
        7.74989 -21.095267.9668 2.26602 -7.183241.86682 
CONM2   136     2101    0       226.785 0       0       0       
        7.19381 -19.470562.7729 2.09149 -6.63   1.76384 
CONM2   137     2102    0       217.583 0       0       0       
        6.66873 -17.941357.8826 1.92723 -6.109271.66524 
CONM2   138     2103    0       208.573 0       0       0       
        6.17346 -16.503853.2838 1.77281 -5.619771.57087 
CONM2   139     2104    0       199.752 0       0       0       
        5.70682 -15.154248.9648 1.62784 -5.160221.4806  
CONM2   140     2105    0       191.123 0       0       0       
        5.26766 -13.888944.9138 1.49192 -4.729371.39431 
CONM2   141     2106    0       182.684 0       0       0       
        4.85484 -12.704341.1196 1.36468 -4.326  1.31184 
CONM2   142     2107    0       174.435 0       0       0       
        4.46727 -11.597 37.5711 1.24573 -3.948941.23309 
CONM2   143     2108    0       166.377 0       0       0       
        4.10387 -10.563434.2575 1.13471 -3.597011.15792 
CONM2   144     2109    0       158.51  0       0       0       
        3.76357 -9.6003631.168  1.03126 -3.269061.08621 
CONM2   145     2110    0       150.833 0       0       0       
        3.44536 -8.7044828.2925 0.935022-2.964  1.01784 
CONM2   146     2111    0       143.347 0       0       0       
        3.14822 -7.8726 25.6208 0.845663-2.680740.952698
CONM2   147     2112    0       136.051 0       0       0       
        2.87117 -7.1016223.1429 0.762845-2.418210.890665
CONM2   148     2113    0       128.946 0       0       0       
        2.61326 -6.3884920.8494 0.686242-2.175370.831633
CONM2   149     2114    0       122.032 0       0       0       
        2.37356 -5.7302618.7307 0.615536-1.951240.775492
CONM2   150     2115    0       115.308 0       0       0       
        2.15114 -5.1240516.7779 0.550417-1.744810.722138
CONM2   151     2116    0       108.775 0       0       0       
        1.94513 -4.5670514.9819 0.490586-1.555150.671467
CONM2   152     2117    0       102.432 0       0       0       
        1.75468 -4.0565513.3342 0.435748-1.381310.623381
CONM2   153     2118    0       96.2796 0       0       0       
        1.57893 -3.5898811.8263 0.385619-1.222410.577782
CONM2   154     2119    0       90.318  0       0       0       
        1.41709 -3.1644810.4502 0.339924-1.077550.534577
CONM2   155     2120    0       84.5469 0       0       0       
        1.26837 -2.777869.19785 0.298394-0.945900.493673
CONM2   156     2121    0       78.9664 0       0       0       
        1.132   -2.4276 8.06164 0.260769-0.826630.454983
CONM2   157     2122    0       73.5764 0       0       0       
        1.00724 -2.111357.03415 0.226798-0.718940.418421
CONM2   158     2123    0       69.4366 0       0       0       
        1.04823 -2.019726.06435 0.215591-0.612740.393449
CONM2   159     2124    0       66.6943 0       0       0       
        1.09881 -1.966825.29484 0.20869 -0.527740.377056
CONM2   160     2125    0       64.6355 0       0       0       
        1.01783 -1.787094.83043 0.18962 -0.479520.362028
CONM2   161     2126    0       63.0278 0       0       0       
        0.965906-1.675364.54013 0.177764-0.449530.351108
CONM2   162     2127    0       61.4403 0       0       0       
        0.924754-1.590614.31818 0.168772-0.4268 0.341053
CONM2   163     2128    0       59.8731 0       0       0       
        0.884973-1.509094.10449 0.160123-0.404920.331188
CONM2   164     2129    0       58.3261 0       0       0       
        0.846533-1.430713.89883 0.151806-0.383890.321509
CONM2   165     2130    0       56.7994 0       0       0       
        0.8094  -1.3554 3.70102 0.143815-0.363680.312015
CONM2   166     2131    0       55.2929 0       0       0       
        0.773544-1.283063.51084 0.13614 -0.344270.302704
CONM2   167     2132    0       53.8067 0       0       0       
        0.738933-1.213633.3281  0.128773-0.325640.293573
CONM2   168     2133    0       52.3407 0       0       0       
        0.705537-1.147023.1526  0.121705-0.307770.284619
CONM2   169     2134    0       50.895  0       0       0       
        0.673324-1.083162.98415 0.114929-0.290630.275841
CONM2   170     2135    0       49.4695 0       0       0       
        0.642266-1.021972.82255 0.108437-0.274220.267237
CONM2   171     2136    0       48.0643 0       0       0       
        0.612332-0.963382.66762 0.10222 -0.258490.258804
CONM2   172     2137    0       46.6793 0       0       0       
        0.583494-0.907312.51916 0.096270-0.243450.250541
CONM2   173     2138    0       45.3145 0       0       0       
        0.555722-0.853692.37701 0.090581-0.229060.242445
CONM2   174     2139    0       43.97   0       0       0       
        0.528989-0.802452.24096 0.085145-0.215310.234514
CONM2   175     2140    0       42.6458 0       0       0       
        0.503266-0.753532.11086 0.079953-0.202190.226746
CONM2   176     2141    0       41.3418 0       0       0       
        0.478526-0.706841.98651 0.074999-0.189660.219139
CONM2   177     2142    0       40.058  0       0       0       
        0.454743-0.662321.86776 0.070276-0.177710.211692
CONM2   178     2143    0       38.7945 0       0       0       
        0.431889-0.619911.75442 0.065776-0.166330.204402
CONM2   179     2144    0       37.5513 0       0       0       
        0.409938-0.579531.64633 0.061491-0.155500.197268
CONM2   180     2145    0       36.3283 0       0       0       
        0.388864-0.541131.54332 0.057417-0.145190.190287
CONM2   181     2146    0       35.1255 0       0       0       
        0.368642-0.504631.44524 0.053544-0.135400.183458
CONM2   182     2147    0       33.943  0       0       0       
        0.349247-0.469981.35192 0.049867-0.126100.176779
CONM2   183     2148    0       32.7808 0       0       0       
        0.330655-0.437111.26321 0.046380-0.117280.170248
CONM2   184     2149    0       31.6387 0       0       0       
        0.312841-0.405971.17894 0.043075-0.108930.163864
CONM2   185     2150    0       30.517  0       0       0       
        0.295781-0.376481.09898 0.039947-0.101020.157624
CONM2   186     2151    0       29.4155 0       0       0       
        0.279453-0.348601.02316 0.036988-0.093530.151528
CONM2   187     2152    0       28.3342 0       0       0       
        0.263832-0.322260.9513510.034193-0.086470.145573
CONM2   188     2153    0       27.2732 0       0       0       
        0.248898-0.297410.8834  0.031557-0.079800.139758
CONM2   189     2154    0       26.2324 0       0       0       
        0.234627-0.273990.8191660.029072-0.073510.134081
CONM2   190     2155    0       25.2119 0       0       0       
        0.220998-0.251950.7585110.026733-0.067600.128541
CONM2   191     2156    0       24.2116 0       0       0       
        0.207989-0.231230.7013010.024534-0.062040.123136
CONM2   192     2157    0       23.2316 0       0       0       
        0.195581-0.211780.6474  0.022471-0.056820.117864
CONM2   193     2158    0       22.2718 0       0       0       
        0.183752-0.193550.5966780.020536-0.051930.112725
CONM2   194     2159    0       21.3323 0       0       0       
        0.172482-0.176490.5490080.018726-0.047350.107716
CONM2   195     2160    0       20.413  0       0       0       
        0.161752-0.160540.5042640.017034-0.043070.102837
CONM2   196     2161    0       19.514  0       0       0       
        0.151543-0.145670.4623230.015456-0.039080.098085
CONM2   197     2162    0       9.53477 0       0       0       
        0.073282-0.069240.2210190.007347-0.018580.047870

$-------2-------3-------4-------5-------6-------7-------8-------9-------10
$ Lumped masses: CENTRAL TANK FUEL 8200 Kg
$ Wing beams: from 1 to 2
$-------2-------3-------4-------5-------6-------7-------8-------9-------10
CONM2   198     2000    0       1025    0       0       0       
        87.3734 0.      430.428 0.      0.      87.3734 
CONM2   199     2001    0       2050    0       0       0       
        174.747 0.      842.051 0.      0.      174.747 
CONM2   200     2002    0       1025    0       0       0       
        87.3734 0.      411.623 0.      0.      87.3734 
CONM2   201     2000    0       1025    0       0       0       
        87.3734 0.      430.428 0.      0.      87.3734 
CONM2   202     2094    0       2050    0       0       0       
        174.747 0.      842.051 0.      0.      174.747 
CONM2   203     2095    0       1025    0       0       0       
        87.3734 0.      411.623 0.      0.      87.3734 

$ Summary of payload (as CONM2): 
$ Wing tank: 12400
$ Central tank: 8200
$ Auxiliary tank: 2000
$ Passengers: 18143.8
$ Baggage: 1814
$-------2-------3-------4-------5-------6-------7-------8-------9-------10
$ SUPORT FOR CURRENT CONFIGURATION
SUPORT  1       1023    123456  
