PARAM   DIVERG  1       
AEROS           0       3.56871 45      122.4   0       0       
TRIM=   2       
TRIM    2       1       0.3     0.0     SIDES   0.0     ROLL    0.0     
        PITCH   0.0     YAW     0.0     URDD2   0.0     URDD3   9.81    
        URDD4   0.0     URDD5   0.0     URDD6   0.0     ANGLEA  0.0     
          flap1r0.0       flap2r0.0     aileronr0.0     
$-------2-------3-------4-------5-------6-------7-------8-------9-------10
$ Bodies and lifting surfaces definition
$-------2-------3-------4-------5-------6-------7-------8-------9-------10
CAERO1  200     0       0       2       7       0012    0012    1       
        16.2996 0       -1.309115.47561 2.02278 1       0       0.6605  0.6605  
CAERO1  250     0       0       2       7       0012    0012    1       
        16.2996 0       -1.309115.47561 -2.022781       0       0.6605  0.6605  
CAERO1  201     6       0       4       4       0012    0012    1       
        16.2996 2.02126 -1.309115.47561 6.30222 0.48889923.0092 0.6605  0.1152  
        1       0.1     0.174   3         flap1r
CAERO1  251     -6      0       4       4       0012    0012    1       
        16.2996 -2.02126-1.309115.47561 -6.302220.488899-23.00920.6605  0.1152  
        1       0.1     0.174   3         flap1l
CAERO1  202     6       0       6       4       0012    0012    1       
        19.6756 8.28896 -0.650342.67702 8.72325 0.52381 23.2568 0.1152  -1.193  
        1       0.174   0.174   3         flap2r
CAERO1  252     -6      0       6       4       0012    0012    1       
        19.6756 -8.28896-0.650342.67702 -8.723250.52381 -23.25680.1152  -1.193  
        1       0.174   0.174   3         flap2l
CAERO1  204     6       0       4       4       0012    0012    1       
        23.7433 16.9644 0.2614831.40225 4.3614  0.6     23.4684 -1.193  -1.193  
        1       0.176   0.176   3       aileronr
CAERO1  205     6       0       1       7       0012    0012    1       
        25.777  21.3258 0.7198850.8413481.09035 0.83333323.4684 -1.193  -1.193  
CAERO1  254     -6      0       4       4       0012    0012    1       
        23.7433 -16.96440.2614831.40225 -4.3614 0.6     -23.4684-1.193  -1.193  
        1       0.176   0.176   3       aileronl
CAERO1  255     -6      0       1       7       0012    0012    1       
        25.777  -21.32580.7198850.841348-1.090350.833333-23.4684-1.193  -1.193  

$-------2-------3-------4-------5-------6-------7-------8-------9-------10
$ Links aeroelastic variables
$-------2-------3-------4-------5-------6-------7-------8-------9-------10
AELINK  1         flap1l  flap1r-1.0    
AELINK  2         flap2l  flap2r-1.0    
AELINK  3       aileronlaileronr1.0     
