
$-------2-------3-------4-------5-------6-------7-------8-------9-------10
$ Node definition
$-------2-------3-------4-------5-------6-------7-------8-------9-------10
GRID    1000    0       0.      0.      -0.434640       0       0       
GRID    1001    0       4.968   0.      7.77e-170       0       0       
GRID    1002    0       8.902   0.      5.67e-170       0       0       
GRID    1003    0       13.353  0.      3.30e-170       0       0       
GRID    1004    0       19.0373 0.      2.80e-180       0       0       
GRID    1005    0       22.255  0.      2.20e-180       0       0       
GRID    1006    0       26.706  0.      1.38e-180       0       0       
GRID    1007    0       34.16   0.      0.      0       0       0       
GRID    1008    0       39.5429 0.      0.5657640       0       0       
GRID    1009    0       40.6654 0.      0.68375 0       0       0       
GRID    1010    0       44.51   0.      1.08783 0       0       0       
GRID    2001    0       19.0373 1.01139 -1.3248 0       0       0       
GRID    2002    0       19.0373 2.02278 -1.3248 0       0       0       
GRID    2003    0       19.4327 3.27604 -1.190180       0       0       
GRID    2004    0       19.828  4.5293  -1.055550       0       0       
GRID    2005    0       20.2234 5.78256 -0.920930       0       0       
GRID    2006    0       20.6187 7.03583 -0.786300       0       0       
GRID    2007    0       21.0141 8.28909 -0.651680       0       0       
GRID    2008    0       21.5041 9.52832 -0.520190       0       0       
GRID    2009    0       21.9941 10.7676 -0.388700       0       0       
GRID    2010    0       22.4842 12.0068 -0.257210       0       0       
GRID    2011    0       22.9742 13.246  -0.125720       0       0       
GRID    2012    0       23.4643 14.4853 0.0057630       0       0       
GRID    2013    0       23.9543 15.7245 0.1372530       0       0       
GRID    2014    0       24.4443 16.9637 0.2687420       0       0       
GRID    2015    0       24.9923 18.3193 0.4103  0       0       0       
GRID    2016    0       25.5402 19.6748 0.5518590       0       0       
GRID    2017    0       26.0881 21.0304 0.6934170       0       0       
GRID    2018    0       26.636  22.386  0.8349760       0       0       
GRID    2000    0       19.0373 0.      -1.3248 0       0       0       
GRID    2019    0       19.0373 -1.01139-1.3248 0       0       0       
GRID    2020    0       19.0373 -2.02278-1.3248 0       0       0       
GRID    2021    0       19.4327 -3.27604-1.190180       0       0       
GRID    2022    0       19.828  -4.5293 -1.055550       0       0       
GRID    2023    0       20.2234 -5.78256-0.920930       0       0       
GRID    2024    0       20.6187 -7.03583-0.786300       0       0       
GRID    2025    0       21.0141 -8.28909-0.651680       0       0       
GRID    2026    0       21.5041 -9.52832-0.520190       0       0       
GRID    2027    0       21.9941 -10.7676-0.388700       0       0       
GRID    2028    0       22.4842 -12.0068-0.257210       0       0       
GRID    2029    0       22.9742 -13.246 -0.125720       0       0       
GRID    2030    0       23.4643 -14.48530.0057630       0       0       
GRID    2031    0       23.9543 -15.72450.1372530       0       0       
GRID    2032    0       24.4443 -16.96370.2687420       0       0       
GRID    2033    0       24.9923 -18.31930.4103  0       0       0       
GRID    2034    0       25.5402 -19.67480.5518590       0       0       
GRID    2035    0       26.0881 -21.03040.6934170       0       0       
GRID    2036    0       26.636  -22.386 0.8349760       0       0       
GRID    3000    0       39.5429 0.      1.7802  0       0       0       
GRID    3001    0       39.8272 0.      2.4062  0       0       0       
GRID    3002    0       40.1116 0.      3.0322  0       0       0       
GRID    3003    0       40.396  0.      3.6582  0       0       0       
GRID    3004    0       40.6803 0.      4.2842  0       0       0       
GRID    3005    0       40.9647 0.      4.9102  0       0       0       
GRID    3006    0       41.2447 0.      5.5362  0       0       0       
GRID    3007    0       41.5248 0.      6.1622  0       0       0       
GRID    3008    0       41.8048 0.      6.7882  0       0       0       
GRID    3009    0       42.0848 0.      7.4142  0       0       0       
GRID    3010    0       42.3649 0.      8.0402  0       0       0       
GRID    4001    0       40.6654 0.6235840.6624  0       0       0       
GRID    4002    0       40.6654 1.24717 0.6624  0       0       0       
GRID    4003    0       40.8112 1.71095 0.7111450       0       0       
GRID    4004    0       40.9569 2.17472 0.75989 0       0       0       
GRID    4005    0       41.1027 2.6385  0.8086350       0       0       
GRID    4006    0       41.2484 3.10228 0.85738 0       0       0       
GRID    4007    0       41.3969 3.54449 0.9038580       0       0       
GRID    4008    0       41.5454 3.9867  0.9503360       0       0       
GRID    4009    0       41.6938 4.4289  0.9968140       0       0       
GRID    4010    0       41.8423 4.87111 1.04329 0       0       0       
GRID    4011    0       41.9908 5.31332 1.08977 0       0       0       
GRID    4012    0       42.1392 5.75552 1.13625 0       0       0       
GRID    4013    0       42.2877 6.19773 1.18273 0       0       0       
GRID    4000    0       40.6654 0.      0.6624  0       0       0       
GRID    4014    0       40.6654 -0.623580.6624  0       0       0       
GRID    4015    0       40.6654 -1.247170.6624  0       0       0       
GRID    4016    0       40.8112 -1.710950.7111450       0       0       
GRID    4017    0       40.9569 -2.174720.75989 0       0       0       
GRID    4018    0       41.1027 -2.6385 0.8086350       0       0       
GRID    4019    0       41.2484 -3.102280.85738 0       0       0       
GRID    4020    0       41.3969 -3.544490.9038580       0       0       
GRID    4021    0       41.5454 -3.9867 0.9503360       0       0       
GRID    4022    0       41.6938 -4.4289 0.9968140       0       0       
GRID    4023    0       41.8423 -4.871111.04329 0       0       0       
GRID    4024    0       41.9908 -5.313321.08977 0       0       0       
GRID    4025    0       42.1392 -5.755521.13625 0       0       0       
GRID    4026    0       42.2877 -6.197731.18273 0       0       0       

$-------2-------3-------4-------5-------6-------7-------8-------9-------10
$ Bodies and lifting surfaces definition
$-------2-------3-------4-------5-------6-------7-------8-------9-------10
CAERO1  200     0       0       2       7       0012    0012    1       
        16.2996 0       -1.309115.47561 2.02278 1       0       0.6605  0.6605  
CAERO1  250     0       0       2       7       0012    0012    1       
        16.2996 0       -1.309115.47561 -2.022781       0       0.6605  0.6605  
CAERO1  201     6       0       4       4       0012    0012    1       
        16.2996 2.02126 -1.309115.47561 6.30222 0.48889923.0092 0.6605  0.1152  
        1       0.1     0.174   3         flap1r
CAERO1  251     -6      0       4       4       0012    0012    1       
        16.2996 -2.02126-1.309115.47561 -6.302220.488899-23.00920.6605  0.1152  
        1       0.1     0.174   3         flap1l
CAERO1  202     6       0       6       4       0012    0012    1       
        19.6756 8.28896 -0.650342.67702 8.72325 0.52381 23.2568 0.1152  -1.193  
        1       0.174   0.174   3         flap2r
CAERO1  252     -6      0       6       4       0012    0012    1       
        19.6756 -8.28896-0.650342.67702 -8.723250.52381 -23.25680.1152  -1.193  
        1       0.174   0.174   3         flap2l
CAERO1  204     6       0       4       4       0012    0012    1       
        23.7433 16.9644 0.2614831.40225 4.3614  0.6     23.4684 -1.193  -1.193  
        1       0.176   0.176   3       aileronr
CAERO1  205     6       0       1       7       0012    0012    1       
        25.777  21.3258 0.7198850.8413481.09035 0.83333323.4684 -1.193  -1.193  
CAERO1  254     -6      0       4       4       0012    0012    1       
        23.7433 -16.96440.2614831.40225 -4.3614 0.6     -23.4684-1.193  -1.193  
        1       0.176   0.176   3       aileronl
CAERO1  255     -6      0       1       7       0012    0012    1       
        25.777  -21.32580.7198850.841348-1.090350.833333-23.4684-1.193  -1.193  
CAERO1  400     0       0       1       7       0012    0012    1       
        39.5278 0       0.6624  2.8442  1.24717 1       0       0       0       
CAERO1  450     0       0       1       7       0012    0012    1       
        39.5278 0       0.6624  2.8442  -1.247171       0       0       0       
CAERO1  401     6       0       3       4       0012    0012    1       
        39.5278 1.24717 0.6624  2.8442  1.86533 0.74788320.3147 0       0       
        1       0.31    0.31    3         elev1r
CAERO1  451     -6      0       3       4       0012    0012    1       
        39.5278 -1.247170.6624  2.8442  -1.865330.747883-20.31470       0       
        1       0.31    0.31    3         elev1l
CAERO1  402     6       0       4       4       0012    0012    1       
        40.3976 3.10228 0.85738 2.12713 3.1125  0.51562520.9843 0       0       
        1       0.31    0.31    3         elev2r
CAERO1  452     -6      0       4       4       0012    0012    1       
        40.3976 -3.102280.85738 2.12713 -3.1125 0.515625-20.98430       0       
        1       0.31    0.31    3         elev2l
CAERO1  301     90      0       4       4       0012    0012    1       
        37.3884 0       1.7802  5.06938 3.13    0.68    28.5877 0       0       
        1       0.4     0.4     3        rudder1
CAERO1  302     90      0       4       4       0012    0012    1       
        39.4996 1.91e-164.9102  3.44718 3.13    0.51470628.4085 0       0       
        1       0.4     0.4     3        rudder2

$-------2-------3-------4-------5-------6-------7-------8-------9-------10
$ Links aeroelastic variables
$-------2-------3-------4-------5-------6-------7-------8-------9-------10
AELINK  1         flap1l  flap1r-1.0    
AELINK  2         flap2l  flap2r-1.0    
AELINK  3       aileronlaileronr1.0     
AELINK  4        rudder2 rudder11.0     
AELINK  5         elev2r  elev1r1.0     
AELINK  6         elev1l  elev1r-1.0    
AELINK  7         elev2l  elev1r-1.0    
PARAM   DIVERG  1       
AEROS           0       3.56871 45      122.4   0       0       

$-------2-------3-------4-------5-------6-------7-------8-------9-------10
$ Structural interpolation set
$-------2-------3-------4-------5-------6-------7-------8-------9-------10
SET1    200     2000    2001    2002    
CORD2R  200     0       19.037300.000000-1.3248019.037300.000000-0.32480
        18.037300.000000-1.32480
SET1    201     2002    2003    2004    2005    2006    2007    
CORD2R  201     0       19.037302.022779-1.3248019.037301.915975-0.33052
        18.083142.320346-1.29283
SET1    202     2007    2008    2009    2010    2011    2012    2013    
        2014    
CORD2R  202     0       21.014078.289087-0.6516821.014078.1835740.342735
        20.083438.652997-0.61307
SET1    203     2014    2015    2016    2017    2018    
CORD2R  203     0       24.4443316.963720.26874224.4443316.859851.263334
        23.5165017.334700.307483
SET1    250     2000    2019    2020    
CORD2R  250     0       19.037300.000000-1.3248019.037300.000000-2.32480
        18.037300.000000-1.32480
SET1    251     2020    2021    2022    2023    2024    2025    
CORD2R  251     0       19.03730-2.02277-1.3248019.03730-2.12958-2.31908
        18.08314-2.32034-1.29283
SET1    252     2025    2026    2027    2028    2029    2030    2031    
        2032    
CORD2R  252     0       21.01407-8.28908-0.6516821.01407-8.39460-1.64610
        20.08343-8.65299-0.61307
SET1    253     2032    2033    2034    2035    2036    
CORD2R  253     0       24.44433-16.96370.26874224.44433-17.0675-0.72585
        23.51650-17.33470.307483
SET1    301     3000    3001    3002    3003    3004    3005    
CORD2R  301     0       39.542880.0000001.78020039.54288-1.000001.780200
        38.632410.0000002.193774
SET1    302     3005    3006    3007    3008    3009    3010    
CORD2R  302     0       40.964660.0000004.91020040.96466-1.000004.910200
        40.051840.0000005.318558
SET1    400     4000    4001    
CORD2R  400     0       40.665440.0000000.66240040.665440.0000001.662400
        39.665440.0000000.662400
SET1    401     4001    4002    4003    4004    4005    4006    
CORD2R  401     0       40.665440.6235840.66240040.665440.5451641.659320
        39.691850.8511650.680302
SET1    402     4006    4007    4008    4009    4010    4011    4012    
        4013    
CORD2R  402     0       41.248433.1022820.85738041.248432.9977531.851902
        40.299913.4172540.890485
SET1    450     4000    4014    
CORD2R  450     0       40.665440.0000000.66240040.665440.000000-0.33760
        39.665440.0000000.662400
SET1    451     4014    4015    4016    4017    4018    4019    
CORD2R  451     0       40.66544-0.623580.66240040.66544-0.70200-0.33452
        39.69185-0.851160.680302
SET1    452     4019    4020    4021    4022    4023    4024    4025    
        4026    
CORD2R  452     0       41.24843-3.102280.85738041.24843-3.20681-0.13714
        40.29991-3.417250.890485

$-------2-------3-------4-------5-------6-------7-------8-------9-------10
$ Interpolation definition
$-------2-------3-------4-------5-------6-------7-------8-------9-------10
SPLINE1 200     200     1       14      200                     0       
SPLINE1 201     201     1       28      201                     0       
SPLINE1 202     202     1       42      202                     0       
SPLINE1 203     204     1       28      203                     0       
SPLINE1 204     205     1       7       203                     0       
SPLINE1 250     250     1       14      250                     0       
SPLINE1 251     251     1       28      251                     0       
SPLINE1 252     252     1       42      252                     0       
SPLINE1 253     254     1       28      253                     0       
SPLINE1 254     255     1       7       253                     0       
SPLINE1 301     301     1       28      301                     0       
SPLINE1 302     302     1       28      302                     0       
SPLINE1 400     400     1       7       400                     0       
SPLINE1 401     401     1       21      401                     0       
SPLINE1 402     402     1       28      402                     0       
SPLINE1 450     450     1       7       450                     0       
SPLINE1 451     451     1       21      451                     0       
SPLINE1 452     452     1       28      452                     0       
PARAM   GRDPNT  1004    
CONM2   1       1004    0       95241.5 1.04295 0       -0.51384
        865425. 0.      3.71e+060.      0.      4.39e+06
SOL 144
$
$-------2-------3-------4-------5-------6-------7-------8-------9-------10
$ GUESS/SMARTCAD trim interface automatically included by GUESS
$-------2-------3-------4-------5-------6-------7-------8-------9-------10
$
INCLUDE C:\Users\frama\Desktop\Nuova cartella\1\A321_0H_sizingMan.inc
$

$ Uncomment the following lines to run solve_vlm_rigid and get aero data
$TRIM    1       1       0.3     0.0     SIDES   0.0     ROLL    0.0     
$        PITCH   0.0     YAW     0.0     URDD2   0.0     URDD3   9.81    
$        URDD4   0.0     URDD5   0.0     URDD6   0.0     ANGLEA  0.0     
$          elev1r0.0       flap1r0.0       flap2r0.0      rudder10.0     
$        aileronr0.0     
GRID    9000    0       20.6557 0.      -0.441820       0       0       
PARAM   LANDG   9000
